4.051319630959974470e-22
2.947968481640612893e-19
4.373877345927120708e-17
1.572157744854188432e-15
1.815972839473296195e-14
7.590567984789220320e-14
1.420248801887444400e-13
1.507501509398123294e-13
1.031850300086808387e-13
5.490928277701065519e-14
2.422988456888845550e-14
8.439502588229385428e-15
2.433354750584466967e-15
6.197569209644252516e-16
1.325096775880209928e-16
2.710311033300517267e-17
4.152805786914261351e-18
6.926325389051721245e-19
8.413773877910598273e-20
1.075580437695196934e-20
1.019539397644510070e-21
6.490780350420389299e-19
8.938568627089425968e-17
3.090393191067354373e-15
3.149857201956750209e-14
1.236421930928599539e-13
2.220159261352159957e-13
2.304121014363982504e-13
1.575937073014809369e-13
8.406720744141660451e-14
3.684617122104086126e-14
1.357047008864415142e-14
3.914552512211290732e-15
9.423222663423390113e-16
2.020874287750499237e-16
4.032461272537521525e-17
6.464313103960824181e-18
1.005202768891505237e-18
1.353607239256181113e-19
1.566570322750548214e-20
