2.000000000000000111e-01
2.100000000000000200e-01
2.200000000000000289e-01
2.300000000000000377e-01
2.400000000000000466e-01
2.500000000000000555e-01
2.600000000000000644e-01
2.700000000000000733e-01
2.800000000000000822e-01
2.900000000000000910e-01
3.000000000000000999e-01
3.100000000000001088e-01
3.200000000000001177e-01
3.300000000000001266e-01
3.400000000000001354e-01
3.500000000000001443e-01
3.600000000000001532e-01
3.700000000000001621e-01
3.800000000000001710e-01
3.900000000000001799e-01
2.000000000000000111e-01
2.100000000000000200e-01
2.200000000000000289e-01
2.300000000000000377e-01
2.400000000000000466e-01
2.500000000000000555e-01
2.600000000000000644e-01
2.700000000000000733e-01
2.800000000000000822e-01
2.900000000000000910e-01
3.000000000000000999e-01
3.100000000000001088e-01
3.200000000000001177e-01
3.300000000000001266e-01
3.400000000000001354e-01
3.500000000000001443e-01
3.600000000000001532e-01
3.700000000000001621e-01
3.800000000000001710e-01
3.900000000000001799e-01
2.000000000000000111e-01
2.100000000000000200e-01
2.200000000000000289e-01
2.300000000000000377e-01
2.400000000000000466e-01
2.500000000000000555e-01
2.600000000000000644e-01
2.700000000000000733e-01
2.800000000000000822e-01
2.900000000000000910e-01
3.000000000000000999e-01
3.100000000000001088e-01
3.200000000000001177e-01
3.300000000000001266e-01
3.400000000000001354e-01
3.500000000000001443e-01
3.600000000000001532e-01
3.700000000000001621e-01
3.800000000000001710e-01
3.900000000000001799e-01
2.000000000000000111e-01
2.100000000000000200e-01
2.200000000000000289e-01
2.300000000000000377e-01
2.400000000000000466e-01
2.500000000000000555e-01
2.600000000000000644e-01
2.700000000000000733e-01
2.800000000000000822e-01
2.900000000000000910e-01
3.000000000000000999e-01
3.100000000000001088e-01
3.200000000000001177e-01
3.300000000000001266e-01
3.400000000000001354e-01
3.500000000000001443e-01
3.600000000000001532e-01
3.700000000000001621e-01
3.800000000000001710e-01
3.900000000000001799e-01
2.000000000000000111e-01
2.100000000000000200e-01
2.200000000000000289e-01
2.300000000000000377e-01
2.400000000000000466e-01
2.500000000000000555e-01
2.600000000000000644e-01
2.700000000000000733e-01
2.800000000000000822e-01
2.900000000000000910e-01
3.000000000000000999e-01
3.100000000000001088e-01
3.200000000000001177e-01
3.300000000000001266e-01
3.400000000000001354e-01
3.500000000000001443e-01
3.600000000000001532e-01
3.700000000000001621e-01
3.800000000000001710e-01
3.900000000000001799e-01
2.000000000000000111e-01
2.100000000000000200e-01
2.200000000000000289e-01
2.300000000000000377e-01
2.400000000000000466e-01
2.500000000000000555e-01
2.600000000000000644e-01
2.700000000000000733e-01
2.800000000000000822e-01
2.900000000000000910e-01
3.000000000000000999e-01
3.100000000000001088e-01
3.200000000000001177e-01
3.300000000000001266e-01
3.400000000000001354e-01
3.500000000000001443e-01
3.600000000000001532e-01
3.700000000000001621e-01
3.800000000000001710e-01
3.900000000000001799e-01
2.000000000000000111e-01
2.100000000000000200e-01
2.200000000000000289e-01
2.300000000000000377e-01
2.400000000000000466e-01
2.500000000000000555e-01
2.600000000000000644e-01
2.700000000000000733e-01
2.800000000000000822e-01
2.900000000000000910e-01
3.000000000000000999e-01
3.100000000000001088e-01
3.200000000000001177e-01
3.300000000000001266e-01
3.400000000000001354e-01
3.500000000000001443e-01
3.600000000000001532e-01
3.700000000000001621e-01
3.800000000000001710e-01
3.900000000000001799e-01
2.000000000000000111e-01
2.100000000000000200e-01
2.200000000000000289e-01
2.300000000000000377e-01
2.400000000000000466e-01
2.500000000000000555e-01
2.600000000000000644e-01
2.700000000000000733e-01
2.800000000000000822e-01
2.900000000000000910e-01
3.000000000000000999e-01
3.100000000000001088e-01
3.200000000000001177e-01
3.300000000000001266e-01
3.400000000000001354e-01
3.500000000000001443e-01
3.600000000000001532e-01
3.700000000000001621e-01
3.800000000000001710e-01
3.900000000000001799e-01
2.000000000000000111e-01
2.100000000000000200e-01
2.200000000000000289e-01
2.300000000000000377e-01
2.400000000000000466e-01
2.500000000000000555e-01
2.600000000000000644e-01
2.700000000000000733e-01
2.800000000000000822e-01
2.900000000000000910e-01
3.000000000000000999e-01
3.100000000000001088e-01
3.200000000000001177e-01
3.300000000000001266e-01
3.400000000000001354e-01
3.500000000000001443e-01
3.600000000000001532e-01
3.700000000000001621e-01
3.800000000000001710e-01
3.900000000000001799e-01
2.000000000000000111e-01
2.100000000000000200e-01
2.200000000000000289e-01
2.300000000000000377e-01
2.400000000000000466e-01
2.500000000000000555e-01
2.600000000000000644e-01
2.700000000000000733e-01
2.800000000000000822e-01
2.900000000000000910e-01
3.000000000000000999e-01
3.100000000000001088e-01
3.200000000000001177e-01
3.300000000000001266e-01
3.400000000000001354e-01
3.500000000000001443e-01
3.600000000000001532e-01
3.700000000000001621e-01
3.800000000000001710e-01
3.900000000000001799e-01
2.000000000000000111e-01
2.100000000000000200e-01
2.200000000000000289e-01
2.300000000000000377e-01
2.400000000000000466e-01
2.500000000000000555e-01
2.600000000000000644e-01
2.700000000000000733e-01
2.800000000000000822e-01
2.900000000000000910e-01
3.000000000000000999e-01
3.100000000000001088e-01
3.200000000000001177e-01
3.300000000000001266e-01
3.400000000000001354e-01
3.500000000000001443e-01
3.600000000000001532e-01
3.700000000000001621e-01
3.800000000000001710e-01
3.900000000000001799e-01
2.000000000000000111e-01
2.100000000000000200e-01
2.200000000000000289e-01
2.300000000000000377e-01
2.400000000000000466e-01
2.500000000000000555e-01
2.600000000000000644e-01
2.700000000000000733e-01
2.800000000000000822e-01
2.900000000000000910e-01
3.000000000000000999e-01
3.100000000000001088e-01
3.200000000000001177e-01
3.300000000000001266e-01
3.400000000000001354e-01
3.500000000000001443e-01
3.600000000000001532e-01
3.700000000000001621e-01
3.800000000000001710e-01
3.900000000000001799e-01
2.000000000000000111e-01
2.100000000000000200e-01
2.200000000000000289e-01
2.300000000000000377e-01
2.400000000000000466e-01
2.500000000000000555e-01
2.600000000000000644e-01
2.700000000000000733e-01
2.800000000000000822e-01
2.900000000000000910e-01
3.000000000000000999e-01
3.100000000000001088e-01
3.200000000000001177e-01
3.300000000000001266e-01
3.400000000000001354e-01
3.500000000000001443e-01
3.600000000000001532e-01
3.700000000000001621e-01
3.800000000000001710e-01
3.900000000000001799e-01
2.000000000000000111e-01
2.100000000000000200e-01
2.200000000000000289e-01
2.300000000000000377e-01
2.400000000000000466e-01
2.500000000000000555e-01
2.600000000000000644e-01
2.700000000000000733e-01
2.800000000000000822e-01
2.900000000000000910e-01
3.000000000000000999e-01
3.100000000000001088e-01
3.200000000000001177e-01
3.300000000000001266e-01
3.400000000000001354e-01
3.500000000000001443e-01
3.600000000000001532e-01
3.700000000000001621e-01
3.800000000000001710e-01
3.900000000000001799e-01
2.000000000000000111e-01
2.100000000000000200e-01
2.200000000000000289e-01
2.300000000000000377e-01
2.400000000000000466e-01
2.500000000000000555e-01
2.600000000000000644e-01
2.700000000000000733e-01
2.800000000000000822e-01
2.900000000000000910e-01
3.000000000000000999e-01
3.100000000000001088e-01
3.200000000000001177e-01
3.300000000000001266e-01
3.400000000000001354e-01
3.500000000000001443e-01
3.600000000000001532e-01
3.700000000000001621e-01
3.800000000000001710e-01
3.900000000000001799e-01
2.000000000000000111e-01
2.100000000000000200e-01
2.200000000000000289e-01
2.300000000000000377e-01
2.400000000000000466e-01
2.500000000000000555e-01
2.600000000000000644e-01
2.700000000000000733e-01
2.800000000000000822e-01
2.900000000000000910e-01
3.000000000000000999e-01
3.100000000000001088e-01
3.200000000000001177e-01
3.300000000000001266e-01
3.400000000000001354e-01
3.500000000000001443e-01
3.600000000000001532e-01
3.700000000000001621e-01
3.800000000000001710e-01
3.900000000000001799e-01
2.000000000000000111e-01
2.100000000000000200e-01
2.200000000000000289e-01
2.300000000000000377e-01
2.400000000000000466e-01
2.500000000000000555e-01
2.600000000000000644e-01
2.700000000000000733e-01
2.800000000000000822e-01
2.900000000000000910e-01
3.000000000000000999e-01
3.100000000000001088e-01
3.200000000000001177e-01
3.300000000000001266e-01
3.400000000000001354e-01
3.500000000000001443e-01
3.600000000000001532e-01
3.700000000000001621e-01
3.800000000000001710e-01
3.900000000000001799e-01
2.000000000000000111e-01
2.100000000000000200e-01
2.200000000000000289e-01
2.300000000000000377e-01
2.400000000000000466e-01
2.500000000000000555e-01
2.600000000000000644e-01
2.700000000000000733e-01
2.800000000000000822e-01
2.900000000000000910e-01
3.000000000000000999e-01
3.100000000000001088e-01
3.200000000000001177e-01
3.300000000000001266e-01
3.400000000000001354e-01
3.500000000000001443e-01
3.600000000000001532e-01
3.700000000000001621e-01
3.800000000000001710e-01
3.900000000000001799e-01
2.000000000000000111e-01
2.100000000000000200e-01
2.200000000000000289e-01
2.300000000000000377e-01
2.400000000000000466e-01
2.500000000000000555e-01
2.600000000000000644e-01
2.700000000000000733e-01
2.800000000000000822e-01
2.900000000000000910e-01
3.000000000000000999e-01
3.100000000000001088e-01
3.200000000000001177e-01
3.300000000000001266e-01
3.400000000000001354e-01
3.500000000000001443e-01
3.600000000000001532e-01
3.700000000000001621e-01
3.800000000000001710e-01
3.900000000000001799e-01
2.000000000000000111e-01
2.100000000000000200e-01
2.200000000000000289e-01
2.300000000000000377e-01
2.400000000000000466e-01
2.500000000000000555e-01
2.600000000000000644e-01
2.700000000000000733e-01
2.800000000000000822e-01
2.900000000000000910e-01
3.000000000000000999e-01
3.100000000000001088e-01
3.200000000000001177e-01
3.300000000000001266e-01
3.400000000000001354e-01
3.500000000000001443e-01
3.600000000000001532e-01
3.700000000000001621e-01
3.800000000000001710e-01
3.900000000000001799e-01
2.000000000000000111e-01
2.100000000000000200e-01
2.200000000000000289e-01
2.300000000000000377e-01
2.400000000000000466e-01
2.500000000000000555e-01
2.600000000000000644e-01
2.700000000000000733e-01
2.800000000000000822e-01
2.900000000000000910e-01
3.000000000000000999e-01
3.100000000000001088e-01
3.200000000000001177e-01
3.300000000000001266e-01
3.400000000000001354e-01
3.500000000000001443e-01
3.600000000000001532e-01
3.700000000000001621e-01
3.800000000000001710e-01
3.900000000000001799e-01
2.000000000000000111e-01
2.100000000000000200e-01
2.200000000000000289e-01
2.300000000000000377e-01
2.400000000000000466e-01
2.500000000000000555e-01
2.600000000000000644e-01
2.700000000000000733e-01
2.800000000000000822e-01
2.900000000000000910e-01
3.000000000000000999e-01
3.100000000000001088e-01
3.200000000000001177e-01
3.300000000000001266e-01
3.400000000000001354e-01
3.500000000000001443e-01
3.600000000000001532e-01
3.700000000000001621e-01
3.800000000000001710e-01
3.900000000000001799e-01
2.000000000000000111e-01
2.100000000000000200e-01
2.200000000000000289e-01
2.300000000000000377e-01
2.400000000000000466e-01
2.500000000000000555e-01
2.600000000000000644e-01
2.700000000000000733e-01
2.800000000000000822e-01
2.900000000000000910e-01
3.000000000000000999e-01
3.100000000000001088e-01
3.200000000000001177e-01
3.300000000000001266e-01
3.400000000000001354e-01
3.500000000000001443e-01
3.600000000000001532e-01
3.700000000000001621e-01
3.800000000000001710e-01
3.900000000000001799e-01
2.000000000000000111e-01
2.100000000000000200e-01
2.200000000000000289e-01
2.300000000000000377e-01
2.400000000000000466e-01
2.500000000000000555e-01
2.600000000000000644e-01
2.700000000000000733e-01
2.800000000000000822e-01
2.900000000000000910e-01
3.000000000000000999e-01
3.100000000000001088e-01
3.200000000000001177e-01
3.300000000000001266e-01
3.400000000000001354e-01
3.500000000000001443e-01
3.600000000000001532e-01
3.700000000000001621e-01
3.800000000000001710e-01
3.900000000000001799e-01
2.000000000000000111e-01
2.100000000000000200e-01
2.200000000000000289e-01
2.300000000000000377e-01
2.400000000000000466e-01
2.500000000000000555e-01
2.600000000000000644e-01
2.700000000000000733e-01
2.800000000000000822e-01
2.900000000000000910e-01
3.000000000000000999e-01
3.100000000000001088e-01
3.200000000000001177e-01
3.300000000000001266e-01
3.400000000000001354e-01
3.500000000000001443e-01
3.600000000000001532e-01
3.700000000000001621e-01
3.800000000000001710e-01
3.900000000000001799e-01
2.000000000000000111e-01
2.100000000000000200e-01
2.200000000000000289e-01
2.300000000000000377e-01
2.400000000000000466e-01
2.500000000000000555e-01
2.600000000000000644e-01
2.700000000000000733e-01
2.800000000000000822e-01
2.900000000000000910e-01
3.000000000000000999e-01
3.100000000000001088e-01
3.200000000000001177e-01
3.300000000000001266e-01
3.400000000000001354e-01
3.500000000000001443e-01
3.600000000000001532e-01
3.700000000000001621e-01
3.800000000000001710e-01
3.900000000000001799e-01
2.000000000000000111e-01
2.100000000000000200e-01
2.200000000000000289e-01
2.300000000000000377e-01
2.400000000000000466e-01
2.500000000000000555e-01
2.600000000000000644e-01
2.700000000000000733e-01
2.800000000000000822e-01
2.900000000000000910e-01
3.000000000000000999e-01
3.100000000000001088e-01
3.200000000000001177e-01
3.300000000000001266e-01
3.400000000000001354e-01
3.500000000000001443e-01
3.600000000000001532e-01
3.700000000000001621e-01
3.800000000000001710e-01
3.900000000000001799e-01
2.000000000000000111e-01
2.100000000000000200e-01
2.200000000000000289e-01
2.300000000000000377e-01
2.400000000000000466e-01
2.500000000000000555e-01
2.600000000000000644e-01
2.700000000000000733e-01
2.800000000000000822e-01
2.900000000000000910e-01
3.000000000000000999e-01
3.100000000000001088e-01
3.200000000000001177e-01
3.300000000000001266e-01
3.400000000000001354e-01
3.500000000000001443e-01
3.600000000000001532e-01
3.700000000000001621e-01
3.800000000000001710e-01
3.900000000000001799e-01
2.000000000000000111e-01
2.100000000000000200e-01
2.200000000000000289e-01
2.300000000000000377e-01
2.400000000000000466e-01
2.500000000000000555e-01
2.600000000000000644e-01
2.700000000000000733e-01
2.800000000000000822e-01
2.900000000000000910e-01
3.000000000000000999e-01
3.100000000000001088e-01
3.200000000000001177e-01
3.300000000000001266e-01
3.400000000000001354e-01
3.500000000000001443e-01
3.600000000000001532e-01
3.700000000000001621e-01
3.800000000000001710e-01
3.900000000000001799e-01
2.000000000000000111e-01
2.100000000000000200e-01
2.200000000000000289e-01
2.300000000000000377e-01
2.400000000000000466e-01
2.500000000000000555e-01
2.600000000000000644e-01
2.700000000000000733e-01
2.800000000000000822e-01
2.900000000000000910e-01
3.000000000000000999e-01
3.100000000000001088e-01
3.200000000000001177e-01
3.300000000000001266e-01
3.400000000000001354e-01
3.500000000000001443e-01
3.600000000000001532e-01
3.700000000000001621e-01
3.800000000000001710e-01
3.900000000000001799e-01
2.000000000000000111e-01
2.100000000000000200e-01
2.200000000000000289e-01
2.300000000000000377e-01
2.400000000000000466e-01
2.500000000000000555e-01
2.600000000000000644e-01
2.700000000000000733e-01
2.800000000000000822e-01
2.900000000000000910e-01
3.000000000000000999e-01
3.100000000000001088e-01
3.200000000000001177e-01
3.300000000000001266e-01
3.400000000000001354e-01
3.500000000000001443e-01
3.600000000000001532e-01
3.700000000000001621e-01
3.800000000000001710e-01
3.900000000000001799e-01
2.000000000000000111e-01
2.100000000000000200e-01
2.200000000000000289e-01
2.300000000000000377e-01
2.400000000000000466e-01
2.500000000000000555e-01
2.600000000000000644e-01
2.700000000000000733e-01
2.800000000000000822e-01
2.900000000000000910e-01
3.000000000000000999e-01
3.100000000000001088e-01
3.200000000000001177e-01
3.300000000000001266e-01
3.400000000000001354e-01
3.500000000000001443e-01
3.600000000000001532e-01
3.700000000000001621e-01
3.800000000000001710e-01
3.900000000000001799e-01
2.000000000000000111e-01
2.100000000000000200e-01
2.200000000000000289e-01
2.300000000000000377e-01
2.400000000000000466e-01
2.500000000000000555e-01
2.600000000000000644e-01
2.700000000000000733e-01
2.800000000000000822e-01
2.900000000000000910e-01
3.000000000000000999e-01
3.100000000000001088e-01
3.200000000000001177e-01
3.300000000000001266e-01
3.400000000000001354e-01
3.500000000000001443e-01
3.600000000000001532e-01
3.700000000000001621e-01
3.800000000000001710e-01
3.900000000000001799e-01
2.000000000000000111e-01
2.100000000000000200e-01
2.200000000000000289e-01
2.300000000000000377e-01
2.400000000000000466e-01
2.500000000000000555e-01
2.600000000000000644e-01
2.700000000000000733e-01
2.800000000000000822e-01
2.900000000000000910e-01
3.000000000000000999e-01
3.100000000000001088e-01
3.200000000000001177e-01
3.300000000000001266e-01
3.400000000000001354e-01
3.500000000000001443e-01
3.600000000000001532e-01
3.700000000000001621e-01
3.800000000000001710e-01
3.900000000000001799e-01
2.000000000000000111e-01
2.100000000000000200e-01
2.200000000000000289e-01
2.300000000000000377e-01
2.400000000000000466e-01
2.500000000000000555e-01
2.600000000000000644e-01
2.700000000000000733e-01
2.800000000000000822e-01
2.900000000000000910e-01
3.000000000000000999e-01
3.100000000000001088e-01
3.200000000000001177e-01
3.300000000000001266e-01
3.400000000000001354e-01
3.500000000000001443e-01
3.600000000000001532e-01
3.700000000000001621e-01
3.800000000000001710e-01
3.900000000000001799e-01
2.000000000000000111e-01
2.100000000000000200e-01
2.200000000000000289e-01
2.300000000000000377e-01
2.400000000000000466e-01
2.500000000000000555e-01
2.600000000000000644e-01
2.700000000000000733e-01
2.800000000000000822e-01
2.900000000000000910e-01
3.000000000000000999e-01
3.100000000000001088e-01
3.200000000000001177e-01
3.300000000000001266e-01
3.400000000000001354e-01
3.500000000000001443e-01
3.600000000000001532e-01
3.700000000000001621e-01
3.800000000000001710e-01
3.900000000000001799e-01
2.000000000000000111e-01
2.100000000000000200e-01
2.200000000000000289e-01
2.300000000000000377e-01
2.400000000000000466e-01
2.500000000000000555e-01
2.600000000000000644e-01
2.700000000000000733e-01
2.800000000000000822e-01
2.900000000000000910e-01
3.000000000000000999e-01
3.100000000000001088e-01
3.200000000000001177e-01
3.300000000000001266e-01
3.400000000000001354e-01
3.500000000000001443e-01
3.600000000000001532e-01
3.700000000000001621e-01
3.800000000000001710e-01
3.900000000000001799e-01
2.000000000000000111e-01
2.100000000000000200e-01
2.200000000000000289e-01
2.300000000000000377e-01
2.400000000000000466e-01
2.500000000000000555e-01
2.600000000000000644e-01
2.700000000000000733e-01
2.800000000000000822e-01
2.900000000000000910e-01
3.000000000000000999e-01
3.100000000000001088e-01
3.200000000000001177e-01
3.300000000000001266e-01
3.400000000000001354e-01
3.500000000000001443e-01
3.600000000000001532e-01
3.700000000000001621e-01
3.800000000000001710e-01
3.900000000000001799e-01
2.000000000000000111e-01
2.100000000000000200e-01
2.200000000000000289e-01
2.300000000000000377e-01
2.400000000000000466e-01
2.500000000000000555e-01
2.600000000000000644e-01
2.700000000000000733e-01
2.800000000000000822e-01
2.900000000000000910e-01
3.000000000000000999e-01
3.100000000000001088e-01
3.200000000000001177e-01
3.300000000000001266e-01
3.400000000000001354e-01
3.500000000000001443e-01
3.600000000000001532e-01
3.700000000000001621e-01
3.800000000000001710e-01
3.900000000000001799e-01
2.000000000000000111e-01
2.100000000000000200e-01
2.200000000000000289e-01
2.300000000000000377e-01
2.400000000000000466e-01
2.500000000000000555e-01
2.600000000000000644e-01
2.700000000000000733e-01
2.800000000000000822e-01
2.900000000000000910e-01
3.000000000000000999e-01
3.100000000000001088e-01
3.200000000000001177e-01
3.300000000000001266e-01
3.400000000000001354e-01
3.500000000000001443e-01
3.600000000000001532e-01
3.700000000000001621e-01
3.800000000000001710e-01
3.900000000000001799e-01
2.000000000000000111e-01
2.100000000000000200e-01
2.200000000000000289e-01
2.300000000000000377e-01
2.400000000000000466e-01
2.500000000000000555e-01
2.600000000000000644e-01
2.700000000000000733e-01
2.800000000000000822e-01
2.900000000000000910e-01
3.000000000000000999e-01
3.100000000000001088e-01
3.200000000000001177e-01
3.300000000000001266e-01
3.400000000000001354e-01
3.500000000000001443e-01
3.600000000000001532e-01
3.700000000000001621e-01
3.800000000000001710e-01
3.900000000000001799e-01
2.000000000000000111e-01
2.100000000000000200e-01
2.200000000000000289e-01
2.300000000000000377e-01
2.400000000000000466e-01
2.500000000000000555e-01
2.600000000000000644e-01
2.700000000000000733e-01
2.800000000000000822e-01
2.900000000000000910e-01
3.000000000000000999e-01
3.100000000000001088e-01
3.200000000000001177e-01
3.300000000000001266e-01
3.400000000000001354e-01
3.500000000000001443e-01
3.600000000000001532e-01
3.700000000000001621e-01
3.800000000000001710e-01
3.900000000000001799e-01
2.000000000000000111e-01
2.100000000000000200e-01
2.200000000000000289e-01
2.300000000000000377e-01
2.400000000000000466e-01
2.500000000000000555e-01
2.600000000000000644e-01
2.700000000000000733e-01
2.800000000000000822e-01
2.900000000000000910e-01
3.000000000000000999e-01
3.100000000000001088e-01
3.200000000000001177e-01
3.300000000000001266e-01
3.400000000000001354e-01
3.500000000000001443e-01
3.600000000000001532e-01
3.700000000000001621e-01
3.800000000000001710e-01
3.900000000000001799e-01
2.000000000000000111e-01
2.100000000000000200e-01
2.200000000000000289e-01
2.300000000000000377e-01
2.400000000000000466e-01
2.500000000000000555e-01
2.600000000000000644e-01
2.700000000000000733e-01
2.800000000000000822e-01
2.900000000000000910e-01
3.000000000000000999e-01
3.100000000000001088e-01
3.200000000000001177e-01
3.300000000000001266e-01
3.400000000000001354e-01
3.500000000000001443e-01
3.600000000000001532e-01
3.700000000000001621e-01
3.800000000000001710e-01
3.900000000000001799e-01
2.000000000000000111e-01
2.100000000000000200e-01
2.200000000000000289e-01
2.300000000000000377e-01
2.400000000000000466e-01
2.500000000000000555e-01
2.600000000000000644e-01
2.700000000000000733e-01
2.800000000000000822e-01
2.900000000000000910e-01
3.000000000000000999e-01
3.100000000000001088e-01
3.200000000000001177e-01
3.300000000000001266e-01
3.400000000000001354e-01
3.500000000000001443e-01
3.600000000000001532e-01
3.700000000000001621e-01
3.800000000000001710e-01
3.900000000000001799e-01
2.000000000000000111e-01
2.100000000000000200e-01
2.200000000000000289e-01
2.300000000000000377e-01
2.400000000000000466e-01
2.500000000000000555e-01
2.600000000000000644e-01
2.700000000000000733e-01
2.800000000000000822e-01
2.900000000000000910e-01
3.000000000000000999e-01
3.100000000000001088e-01
3.200000000000001177e-01
3.300000000000001266e-01
3.400000000000001354e-01
3.500000000000001443e-01
3.600000000000001532e-01
3.700000000000001621e-01
3.800000000000001710e-01
3.900000000000001799e-01
2.000000000000000111e-01
2.100000000000000200e-01
2.200000000000000289e-01
2.300000000000000377e-01
2.400000000000000466e-01
2.500000000000000555e-01
2.600000000000000644e-01
2.700000000000000733e-01
2.800000000000000822e-01
2.900000000000000910e-01
3.000000000000000999e-01
3.100000000000001088e-01
3.200000000000001177e-01
3.300000000000001266e-01
3.400000000000001354e-01
3.500000000000001443e-01
3.600000000000001532e-01
3.700000000000001621e-01
3.800000000000001710e-01
3.900000000000001799e-01
2.000000000000000111e-01
2.100000000000000200e-01
2.200000000000000289e-01
2.300000000000000377e-01
2.400000000000000466e-01
2.500000000000000555e-01
2.600000000000000644e-01
2.700000000000000733e-01
2.800000000000000822e-01
2.900000000000000910e-01
3.000000000000000999e-01
3.100000000000001088e-01
3.200000000000001177e-01
3.300000000000001266e-01
3.400000000000001354e-01
3.500000000000001443e-01
3.600000000000001532e-01
3.700000000000001621e-01
3.800000000000001710e-01
3.900000000000001799e-01
2.000000000000000111e-01
2.100000000000000200e-01
2.200000000000000289e-01
2.300000000000000377e-01
2.400000000000000466e-01
2.500000000000000555e-01
2.600000000000000644e-01
2.700000000000000733e-01
2.800000000000000822e-01
2.900000000000000910e-01
3.000000000000000999e-01
3.100000000000001088e-01
3.200000000000001177e-01
3.300000000000001266e-01
3.400000000000001354e-01
3.500000000000001443e-01
3.600000000000001532e-01
3.700000000000001621e-01
3.800000000000001710e-01
3.900000000000001799e-01
2.000000000000000111e-01
2.100000000000000200e-01
2.200000000000000289e-01
2.300000000000000377e-01
2.400000000000000466e-01
2.500000000000000555e-01
2.600000000000000644e-01
2.700000000000000733e-01
2.800000000000000822e-01
2.900000000000000910e-01
3.000000000000000999e-01
3.100000000000001088e-01
3.200000000000001177e-01
3.300000000000001266e-01
3.400000000000001354e-01
3.500000000000001443e-01
3.600000000000001532e-01
3.700000000000001621e-01
3.800000000000001710e-01
3.900000000000001799e-01
