2.792825700978099346e-01
2.846817394971058457e-01
2.897358066684326272e-01
2.944548284169257735e-01
2.988658196990017224e-01
3.029648270177151548e-01
3.067647862406733261e-01
3.102786604344655585e-01
3.135059762850504472e-01
3.164727845267342188e-01
3.191665020853151624e-01
3.216112616807191849e-01
3.237966647708890311e-01
3.257349107092604723e-01
3.274279567864502027e-01
3.288858845347188420e-01
3.301099779533286926e-01
3.311024992077377105e-01
3.318666907513106445e-01
3.324116834280125832e-01
2.792864688321957112e-01
2.846552147245791087e-01
2.896965594435119140e-01
2.944034310122035647e-01
2.987872410428327741e-01
3.028603952446017877e-01
3.066500176251865106e-01
3.101399518591287929e-01
3.133574666721578583e-01
3.163019381427726873e-01
3.189744806150873746e-01
3.213990571999701951e-01
3.235653706693409903e-01
3.254942988729500608e-01
3.271693059170683315e-01
3.286100585813557240e-01
3.298178317155929240e-01
3.307948724332526180e-01
3.315479488094446592e-01
3.320753737000095573e-01
2.792723493245919952e-01
2.846443902009478388e-01
2.896565054778813542e-01
2.943355283559482838e-01
2.987081277744025321e-01
3.027703568875714235e-01
3.065349405650309444e-01
3.100011255814538180e-01
3.132088295709070658e-01
3.161311330485402360e-01
3.187939411558125546e-01
3.211976537812383792e-01
3.233441413989261992e-01
3.252454258916636087e-01
3.269111818795388258e-01
3.283348591213608447e-01
3.295264002945854087e-01
3.304926290782361220e-01
3.312264399489332489e-01
3.317422696907370572e-01
2.792741077411093342e-01
2.846160538011218155e-01
2.896156568185274671e-01
2.942827156642113251e-01
2.986284882176815092e-01
3.026651952176648841e-01
3.064195601666168667e-01
3.098755746817969947e-01
3.130473644015625556e-01
3.159603693613964870e-01
3.186022208561569702e-01
3.209860382182016525e-01
3.231232005097584015e-01
3.250057294106957761e-01
3.266535778296108528e-01
3.280669117002253943e-01
3.292412674393109806e-01
3.301864951565801620e-01
3.309091604730900471e-01
3.314077006159781846e-01
2.792747725133192804e-01
2.846032563893525769e-01
2.895740253420858723e-01
2.942291636520356635e-01
2.985483305856123648e-01
3.025742500839324056e-01
3.063038814310514169e-01
3.097364282845760375e-01
3.128985731217867050e-01
3.157896472125643617e-01
3.184106944131726014e-01
3.207850354370202495e-01
3.229025443337772971e-01
3.247664374932771048e-01
3.263964870564083909e-01
3.277928562989861350e-01
3.289511554355311618e-01
3.298811333123867207e-01
3.305892573635750842e-01
3.310761544929171074e-01
2.792743594323982004e-01
2.845731623654642051e-01
2.895316227215400384e-01
2.941594216268373918e-01
2.984676629664073655e-01
3.024828147720964311e-01
3.061879093377913308e-01
3.096103762526059566e-01
3.127496606718782601e-01
3.156189667228403439e-01
3.182303703124783056e-01
3.205739961945208716e-01
3.226728478989924764e-01
3.245275449439740112e-01
3.261399029495981594e-01
3.275194038484913195e-01
3.286617313109937433e-01
3.295808775238911470e-01
3.302733995181708626e-01
3.307432809357777614e-01
2.792563603594634958e-01
2.845422548855556233e-01
2.894884604324257649e-01
2.941045168590114001e-01
2.983864932886025056e-01
3.023765586349888568e-01
3.060716487495144800e-01
3.094709225631850358e-01
3.126006293227058808e-01
3.154483280164063763e-01
3.180391369235276433e-01
3.203733841502213187e-01
3.224528397208380470e-01
3.242890466433442920e-01
3.258838189922971251e-01
3.272465465960082698e-01
3.283783271209096410e-01
3.292769503674539688e-01
3.299550605256769686e-01
3.304132493990368236e-01
2.792539285443676467e-01
2.845266488799135240e-01
2.894445497786184984e-01
2.940336266733744042e-01
2.983196170402807601e-01
3.022842579948866182e-01
3.059551044758103133e-01
3.093313650593733088e-01
3.124391460128968512e-01
3.152777312154523282e-01
3.178480924805953123e-01
3.201629090533301691e-01
3.222331050238287364e-01
3.240509375640281964e-01
3.256282287630846706e-01
3.269742768983051606e-01
3.280901710212786315e-01
3.289737662745989000e-01
3.296375270664629875e-01
3.300820274753174521e-01
2.792504639326983673e-01
2.845100726115304401e-01
2.893999018670032064e-01
2.939774086123711494e-01
2.982373756012856592e-01
3.021773329269191177e-01
3.058382812357638980e-01
3.092046364283435600e-01
3.122899745096324731e-01
3.151071764369546835e-01
3.176572351850586728e-01
3.199626781856223512e-01
3.220045811963916371e-01
3.238132127513702052e-01
3.253731259505315832e-01
3.267025872227775074e-01
3.278026770716365168e-01
3.286754155888712559e-01
3.293237692299509356e-01
3.297516529165890886e-01
2.792459813374084110e-01
2.844766182809265187e-01
2.893700632921740734e-01
2.939205028555635923e-01
2.981546558674351699e-01
3.020841929576902340e-01
3.057211836646322456e-01
3.090647894982996302e-01
3.121406900803027629e-01
3.149366638184991629e-01
3.174772175905787308e-01
3.197527554402029293e-01
3.217854708910402040e-01
3.235758673266124208e-01
3.251185043350220960e-01
3.264314701580212641e-01
3.275158368053234792e-01
3.283736105876198796e-01
3.290077393223647118e-01
3.294238553671819392e-01
2.742073843590406290e-01
2.795467563700357871e-01
2.845490596511331405e-01
2.892398826189240268e-01
2.936137915162717049e-01
2.976829512200789285e-01
3.014600618341570226e-01
3.049715036810103919e-01
3.082017249051677288e-01
3.111642047998695038e-01
3.138598929932456816e-01
3.163128395456154540e-01
3.185223654574366736e-01
3.204800245411828508e-01
3.222063910258204933e-01
3.237016005669619556e-01
3.249606996526149261e-01
3.259988850361064117e-01
3.268121095807804410e-01
3.274070993782883243e-01
2.742022415129474200e-01
2.795282942126553483e-01
2.845179775091561947e-01
2.891809495313198974e-01
2.935435895367707881e-01
2.975870699169032019e-01
3.013539049245111956e-01
3.048414392699717035e-01
3.080489713113319095e-01
3.110020726415486103e-01
3.136880568841470818e-01
3.161200714104008269e-01
3.183096042795754976e-01
3.202483078839995501e-01
3.219565747642330056e-01
3.234345399641314622e-01
3.246773269393971595e-01
3.256999496808201666e-01
3.264984288267617774e-01
3.270793899996340404e-01
2.742128051083933538e-01
2.795089089484883438e-01
2.844860303271465329e-01
2.891369921305895208e-01
2.934727936956976757e-01
2.975054237792585932e-01
3.012473801529850781e-01
3.047111984452521849e-01
3.079089895354257256e-01
3.108399256094091512e-01
3.135048716600971064e-01
3.159168991250427827e-01
3.180874177267555836e-01
3.200169577949686928e-01
3.217072388334203392e-01
3.231680622429556338e-01
3.244005039434079141e-01
3.254065898333352025e-01
3.261892992756832976e-01
3.267551535368704574e-01
2.742055976041253285e-01
2.795049102552124576e-01
2.844532309099122580e-01
2.890767167655977077e-01
2.934014131056547070e-01
2.974086936924183466e-01
3.011404933905494907e-01
3.045941223592825708e-01
3.077688258984802028e-01
3.106777645513024155e-01
3.133218277745977720e-01
3.157244312320900970e-01
3.178752276504416829e-01
3.197859695528150192e-01
3.214583769947045866e-01
3.229021598184439457e-01
3.241183871139828865e-01
3.251090721839344777e-01
3.258771765942113929e-01
3.264291223283657950e-01
2.742139424504200784e-01
2.794836275006634119e-01
2.844195918411900892e-01
2.890312500988300726e-01
2.933294567053290058e-01
2.973260246665963558e-01
3.010332503910465585e-01
3.044634466873802348e-01
3.076159010595935217e-01
3.105155903124087180e-01
3.131389240111355221e-01
3.155217368845907311e-01
3.176632725502864796e-01
3.195553385050922124e-01
3.212099831265113892e-01
3.226435399333333898e-01
3.238369271458331200e-01
3.248122897413704413e-01
3.255694210605881156e-01
3.261063822524666866e-01
2.742047308452326693e-01
2.794614626675325231e-01
2.843851254989771538e-01
2.889696737796509929e-01
2.932569333094788289e-01
2.972284735157142976e-01
3.009256568793804987e-01
3.043326051311893155e-01
3.074754753996249423e-01
3.103534037179400129e-01
3.129671938126900588e-01
3.153295618749143436e-01
3.174421491254921790e-01
3.193250600680348494e-01
3.209696468306655892e-01
3.223786817957119410e-01
3.235617384987826695e-01
3.245208071401919359e-01
3.252588159819153613e-01
3.257819856604427522e-01
2.742109196211076627e-01
2.794384287335681671e-01
2.843498440598202226e-01
2.889227415259370546e-01
2.931838515733287132e-01
2.971448119006054323e-01
3.008177184536277027e-01
3.042146624569422864e-01
3.073348762571450621e-01
3.101912055816830605e-01
3.127844779670951314e-01
3.151273357374300699e-01
3.172307442036735314e-01
3.190951297274099430e-01
3.207220853822405071e-01
3.221143774210049604e-01
3.232814853206341099e-01
3.242253870636571111e-01
3.249523959695049258e-01
3.254607002910093749e-01
2.742160083880306187e-01
2.794304700396150198e-01
2.843137595115766691e-01
2.888599041253169797e-01
2.931102199951929332e-01
2.970464664890402617e-01
3.007094406301240030e-01
3.040834088124138579e-01
3.071817968379550456e-01
3.100173916407373276e-01
3.126018993589041450e-01
3.149354465199235009e-01
3.170195649313177766e-01
3.188655430483652298e-01
3.204749745746396927e-01
3.218506196921586127e-01
3.230018643841252035e-01
3.239306745571308155e-01
3.246432691006808646e-01
3.251378959654993017e-01
2.742038558384689573e-01
2.794056470049662844e-01
2.842768836373259500e-01
2.888115485500833413e-01
2.930360469499025400e-01
2.969618415999488170e-01
3.006008288313374299e-01
3.039519993576846324e-01
3.070409500021066274e-01
3.098552619009343756e-01
3.124194568345315948e-01
3.147336791884972618e-01
3.167994696186728354e-01
3.186280350911322445e-01
3.202283086434544179e-01
3.215874015982099765e-01
3.227228675847144679e-01
3.236409910422821112e-01
3.243349054849979929e-01
3.248180247033386481e-01
2.742068795133567050e-01
2.793957465954702846e-01
2.842392280268095650e-01
2.887474886793269246e-01
2.929613406787922036e-01
2.968627278367230171e-01
3.004918883859960532e-01
3.038204371073712218e-01
3.068878054450015491e-01
3.096931223682586332e-01
3.122478292004458034e-01
3.145420689004770898e-01
3.165888206234933611e-01
3.183992084212520779e-01
3.199820819065816724e-01
3.213247162371883348e-01
3.224497803728384460e-01
3.233475880427846838e-01
3.240304604185580417e-01
3.244967714975733331e-01
2.690658440520432015e-01
2.743598521576969818e-01
2.793241855545762209e-01
2.839682164143837451e-01
2.883028243194972751e-01
2.923399158712780554e-01
2.961061034586305873e-01
2.995986007470888279e-01
3.028165388924266010e-01
3.057854442789020299e-01
3.084924375910333971e-01
3.109506037381060684e-01
3.131714460995495553e-01
3.151554029893852693e-01
3.169040875482042052e-01
3.184275099091779526e-01
3.197266971911872924e-01
3.208088232131964812e-01
3.216653158503596233e-01
3.223123329798652792e-01
2.690852603494040540e-01
2.743493923421346792e-01
2.792851741147009403e-01
2.839175573598236024e-01
2.882409774470685027e-01
2.922671829611421801e-01
2.960084660100094633e-01
2.994771997841489397e-01
3.026853850723685291e-01
3.056320663093353707e-01
3.083179491000609396e-01
3.107666845694095348e-01
3.129676055951188252e-01
3.149325704936821180e-01
3.166712642028415847e-01
3.181765282491572644e-01
3.194583523088708743e-01
3.205186927756848991e-01
3.213645028891682909e-01
3.219933484391153677e-01
2.690869428506499350e-01
2.743379526462063622e-01
2.792612846396994031e-01
2.838662101011521499e-01
2.881784778869433405e-01
2.921793131198540117e-01
2.959104021636359549e-01
2.993555635989493813e-01
3.025412593545698803e-01
3.054786169322468714e-01
3.081435475003085900e-01
3.105722693749178309e-01
3.127639549132403829e-01
3.147100550130761953e-01
3.164307170473516506e-01
3.179188694374016633e-01
3.191844075862512731e-01
3.202292772470188842e-01
3.210603365892094607e-01
3.216780903761559673e-01
2.691039999140689698e-01
2.743255474142137218e-01
2.792364861362630624e-01
2.838141850840116276e-01
2.881004214031523403e-01
2.921054255522477217e-01
2.958119185404698426e-01
2.992469727083541531e-01
3.024097189493134552e-01
3.053131428772156708e-01
3.079804604832193093e-01
3.103885443355638429e-01
3.125508470057019594e-01
3.144878524770948758e-01
3.161905975623053311e-01
3.176617416691924212e-01
3.189110865494477198e-01
3.199455264285006595e-01
3.207608455676101422e-01
3.213607183195364980e-01
2.691035391565478885e-01
2.743121907494967537e-01
2.792107918961360125e-01
2.837767654944309825e-01
2.880367384188153301e-01
2.920166047560253664e-01
2.956992449164989045e-01
2.991247868169181201e-01
3.022779435640483015e-01
3.051596467342396757e-01
3.078061413752980480e-01
3.101945017143334926e-01
3.123476587785684599e-01
3.142659588642975343e-01
3.159509002248439558e-01
3.174051380669777878e-01
3.186442751133619633e-01
3.196574326560626678e-01
3.204581458993101539e-01
3.210468920313966357e-01
2.691020748874284885e-01
2.742978965248504264e-01
2.791686332265388981e-01
2.837233248222092996e-01
2.879724310809005927e-01
2.919273653030727833e-01
2.956000330895093287e-01
2.990023784667945606e-01
3.021334823984478390e-01
3.050060831883611989e-01
3.076319082683125483e-01
3.100109661976999664e-01
3.121446527232714652e-01
3.140443702147823757e-01
3.157116195829888228e-01
3.171490518603352071e-01
3.183720952954471883e-01
3.193748198819255646e-01
3.201599396623086013e-01
3.207310905763439690e-01
2.691157615106370971e-01
2.742985205450219621e-01
2.791412770055438641e-01
2.836843280094240027e-01
2.879075087650697640e-01
2.918518547566289478e-01
2.955004200402698844e-01
2.988797515451709352e-01
3.020013395604789208e-01
3.048524537570131421e-01
3.074577606629836368e-01
3.098172891064981949e-01
3.119324460082372741e-01
3.138145533971741785e-01
3.154727502705594877e-01
3.169001786721739045e-01
3.181005157156970853e-01
3.190880134695593395e-01
3.198586684986063355e-01
3.204186560700125197e-01
2.691122457503859478e-01
2.742823031630088337e-01
2.791130628932418367e-01
2.836295144012170311e-01
2.878419806849050189e-01
2.917617085279788913e-01
2.954004119894635960e-01
2.987569098994396488e-01
3.018566968073019829e-01
3.046987599407788294e-01
3.072836980722543632e-01
3.096238352574953723e-01
3.117298856991600475e-01
3.135936495693562032e-01
3.152342870099092420e-01
3.166450243578172730e-01
3.178351728622487160e-01
3.188018777840954665e-01
3.195617109333803163e-01
3.201043844628191359e-01
2.691237342484974482e-01
2.742651892344872833e-01
2.790840033467031356e-01
2.835740742094748912e-01
2.877758559153019702e-01
2.916711640711731057e-01
2.953000150599668916e-01
2.986466812408332117e-01
3.017241983602640398e-01
3.045450032215877290e-01
3.071097200024732743e-01
3.094406203073892248e-01
3.115275003027566103e-01
3.133730386621811359e-01
3.149962246054300863e-01
3.163903681855532724e-01
3.175646900231373082e-01
3.185209541748889595e-01
3.192618312789310964e-01
3.197933028540104194e-01
2.691182262108218759e-01
2.742471917574473284e-01
2.790541106127092386e-01
2.835328402088505007e-01
2.877091433803850573e-01
2.915941006511257871e-01
2.951992352739450376e-01
2.985233334579345255e-01
3.015793829848255614e-01
3.043911850696513488e-01
3.069358259977440495e-01
3.092475212340088930e-01
3.113161659568716710e-01
3.131527169793566490e-01
3.147585579372179643e-01
3.161362037774906319e-01
3.172947850152854077e-01
3.182360558288952479e-01
3.189626721388702513e-01
3.194805215450406966e-01
2.638915295710376197e-01
2.691209887755924290e-01
2.740288401606218449e-01
2.786396833808544304e-01
2.829327262927948117e-01
2.869500631446633143e-01
2.906882839124816376e-01
2.941595896101841801e-01
2.973758601908814692e-01
3.003360104130348707e-01
3.030520888428606119e-01
3.055132814031893407e-01
3.077531945176267270e-01
3.097514187809272124e-01
3.115284922538671397e-01
3.130769839239986307e-01
3.144134065369850739e-01
3.155258342712229380e-01
3.164331971571110458e-01
3.171228576973114111e-01
2.639185271678702871e-01
2.691184587020923336e-01
2.740138330159034852e-01
2.785972558379479769e-01
2.828792013261091642e-01
2.868711633938648697e-01
2.905991588678532023e-01
2.940602509222171035e-01
2.972533652441420871e-01
3.001914169780134922e-01
3.028863925497166654e-01
3.053382591604739127e-01
3.075483633163535457e-01
3.095375423441536489e-01
3.112965181262150605e-01
3.128351013850644291e-01
3.141478108456183804e-01
3.152500324234836504e-01
3.161371649016211371e-01
3.168160302635195102e-01
2.639279461626242163e-01
2.691148929987106642e-01
2.739821644815313428e-01
2.785540819805573665e-01
2.828249654149102010e-01
2.868061569548857048e-01
2.905095491263894880e-01
2.939471358772657306e-01
2.971178901609859979e-01
3.000466953450240393e-01
3.027207276776460176e-01
3.051526585053538354e-01
3.073536408141387954e-01
3.093239325253618333e-01
3.110649287160973109e-01
3.125863526271241977e-01
3.138828034126367461e-01
3.149694899513771906e-01
3.158461019196458497e-01
3.165098578664696793e-01
2.639362771678717134e-01
2.691103066881791461e-01
2.739653066085313005e-01
2.785101729666021320e-01
2.827552503402034900e-01
2.867261738790979897e-01
2.904056864395440085e-01
2.938337323954243741e-01
2.969948947727806265e-01
2.998899155585318943e-01
3.025550944130724895e-01
3.049777232065077337e-01
3.071590539102959649e-01
3.091105859117051491e-01
3.108337190311904474e-01
3.123380895460631246e-01
3.136245304320340876e-01
3.146947790132478828e-01
3.155514808548351424e-01
3.162012630121189827e-01
2.639435358692860945e-01
2.691047145445158439e-01
2.739474977932621069e-01
2.784655397998052617e-01
2.826997159276725124e-01
2.866457072871850809e-01
2.903152212524239828e-01
2.937200452071712653e-01
2.968591100245322467e-01
2.997450352958554998e-01
3.023894929549593713e-01
3.047923885935271970e-01
3.069549876976921388e-01
3.088974991305938889e-01
3.106028841644901117e-01
3.120903058463742052e-01
3.133605943538979588e-01
3.144154786295907944e-01
3.152616474886552056e-01
3.158964547407908108e-01
2.639497377074696005e-01
2.690981311101704465e-01
2.739133408047502716e-01
2.784201932895302156e-01
2.826435011041662504e-01
2.865647647185473601e-01
2.902242924169879390e-01
2.936060790134861764e-01
2.967232194457004590e-01
2.996000330164748093e-01
3.022239234920267026e-01
3.046072288734759659e-01
3.067607559580430854e-01
3.086759675878564257e-01
3.103724192764100720e-01
3.118429953268404553e-01
3.130972243657399456e-01
3.141418274992254789e-01
3.149684008475891472e-01
3.155922731543872595e-01
2.639708352504614997e-01
2.690905706936760899e-01
2.738937606921979517e-01
2.783890833994553948e-01
2.825866159473260364e-01
2.864973825416546327e-01
2.901194029283500897e-01
2.934918384134465597e-01
2.965995473253650316e-01
2.994549109398670916e-01
3.020583862155238331e-01
3.044324655265812085e-01
3.065572146043025747e-01
3.084634773048604006e-01
3.101423195983974979e-01
3.115961518749395531e-01
3.128403165060451019e-01
3.138637368772213554e-01
3.146797623698094348e-01
3.152858810519671984e-01
2.639748818356124627e-01
2.690820473641004074e-01
2.738580357072631366e-01
2.783422534205511889e-01
2.825146521235720187e-01
2.864154213734066978e-01
2.900276576261790473e-01
2.933773279583197224e-01
2.964633646400672840e-01
2.993096712591379327e-01
3.018928813142832679e-01
3.042475648011764289e-01
3.063633292011970766e-01
3.082512364972663232e-01
3.099125804488711555e-01
3.113565334158481801e-01
3.125779759653274925e-01
3.135862788422406067e-01
3.143878544698133770e-01
3.149830069814867350e-01
2.639779170943884479e-01
2.690725749439675796e-01
2.738367346283842596e-01
2.782947422002088333e-01
2.824565446071097830e-01
2.863330067723090511e-01
2.899354687656514051e-01
2.932625521110208688e-01
2.963392288384126272e-01
2.991528283609661831e-01
3.017274089697865036e-01
3.040628346053957931e-01
3.061695701613386111e-01
3.080392420088589600e-01
3.096831972139550415e-01
3.111105238760573655e-01
3.123161803517220392e-01
3.133142032185868286e-01
3.141003772470047362e-01
3.146780606176962647e-01
2.639956338621123333e-01
2.690621670764141160e-01
2.738145477410366957e-01
2.782465598526248085e-01
2.823977953003838914e-01
2.862501457855172182e-01
2.898428430603763317e-01
2.931475152561190400e-01
2.962027657775990197e-01
2.990074474476155375e-01
3.015619693839036164e-01
3.038882375351364962e-01
3.059667540747186831e-01
3.078191290861289064e-01
3.094541653516411084e-01
3.108649641043381706e-01
3.120549226769455120e-01
3.130379078608656052e-01
3.138097734346541046e-01
3.143764575083777268e-01
2.586838146601828092e-01
2.638461269382147978e-01
2.686948435643343736e-01
2.732541403566133287e-01
2.775182206868764823e-01
2.814983274546450365e-01
2.852062963259101580e-01
2.886675163578991676e-01
2.918662983520976528e-01
2.948154181296651077e-01
2.975267854294402770e-01
3.000002522548650408e-01
3.022470403392394367e-01
3.042673112293275417e-01
3.060623488731372133e-01
3.076420565873331237e-01
3.090072144361696860e-01
3.101595005168458208e-01
3.111061071724164351e-01
3.118438314786452503e-01
2.587020320306063215e-01
2.638513498812843916e-01
2.686721312293265385e-01
2.732198894629500052e-01
2.774580613366728343e-01
2.814278371750384422e-01
2.851256651245971385e-01
2.885633651530328248e-01
2.917397514903700140e-01
2.946796293422305202e-01
2.973700075923279562e-01
2.998341656038019942e-01
3.020611215113727099e-01
3.040624547193677696e-01
3.058394560143715690e-01
3.074019429036405349e-01
3.087506945588933127e-01
3.098929103297661247e-01
3.108236364874689683e-01
3.115462287461969182e-01
2.587190921974440450e-01
2.638396683632100448e-01
2.686640694456389200e-01
2.731848349421847066e-01
2.774120443807862602e-01
2.813567888453780141e-01
2.850444912985806156e-01
2.884588620469897280e-01
2.916256576716770854e-01
2.945436554279536878e-01
2.972132046878441791e-01
2.996574279949563713e-01
3.018654510558873572e-01
3.038578136792772222e-01
3.056168983700115471e-01
3.071695931400632573e-01
3.085011201385900459e-01
3.096213430796460053e-01
3.105372683034998138e-01
3.112492451645683667e-01
2.587350117493888435e-01
2.638428178284257242e-01
2.686395777289189990e-01
2.731489886648748033e-01
2.773506348937501698e-01
2.812851909903035241e-01
2.849491098258847277e-01
2.883540126210046850e-01
2.914986791707614433e-01
2.943955993908295987e-01
2.970563776373280063e-01
2.994808138103152717e-01
3.016797905988585771e-01
3.036444352851781492e-01
3.053946715990781824e-01
3.069302782383572792e-01
3.082455974067289661e-01
3.093557609431955568e-01
3.102559675743231660e-01
3.109495418029198932e-01
2.587498070106074022e-01
2.638449081923263106e-01
2.686295825773881707e-01
2.731123623343577611e-01
2.773032056516769317e-01
2.812130520058928607e-01
2.848669661848997059e-01
2.882488223420336393e-01
2.913715351343929005e-01
2.942593546542870975e-01
2.968995273590276929e-01
2.993147411894755971e-01
3.014942123364285353e-01
3.034403045036178637e-01
3.051727714220462406e-01
3.066913969049740452e-01
3.079906044903726881e-01
3.090853535605748714e-01
3.099709153425195263e-01
3.106538517569679136e-01
2.587634940432459452e-01
2.638304056703142941e-01
2.686033640425772306e-01
2.730749674542661820e-01
2.772550406130250278e-01
2.811403801637634148e-01
2.847708097137683358e-01
2.881432966552771591e-01
2.912565848479311548e-01
2.941229331558773974e-01
2.967426547503572154e-01
2.991382841284986882e-01
3.012991426397754191e-01
3.032363804778339667e-01
3.049511936235493326e-01
3.064529435205290420e-01
3.077422854014583709e-01
3.088207505534251163e-01
3.096907513997274042e-01
3.103587539369360160e-01
2.587760886400393145e-01
2.638305106540485001e-01
2.685914902160497775e-01
2.730368153344458482e-01
2.771917837991821343e-01
2.810810922773870346e-01
2.846877248617694645e-01
2.880374408775683848e-01
2.911290313876016556e-01
2.939863378245170522e-01
2.965857606968401172e-01
2.989619480520696038e-01
3.011138138249763174e-01
3.030326605956037422e-01
3.047299340532639844e-01
3.062149125527920401e-01
3.074882504663441485e-01
3.085514728424468278e-01
3.094069808076649331e-01
3.100611489983577385e-01
2.587876063101318125e-01
2.638296006382738756e-01
2.685635956937124647e-01
2.729979171156259876e-01
2.771422679021873781e-01
2.810072909622718940e-01
2.845908186450215038e-01
2.879312602588794401e-01
2.910135014355534899e-01
2.938380257346627777e-01
2.964288460712587447e-01
2.987958897986395246e-01
3.009191627255093371e-01
3.028291422799875288e-01
3.045089886342378649e-01
3.059772985553190217e-01
3.072347255134965649e-01
3.082827883518754475e-01
3.091279214884064541e-01
3.097672909003503783e-01
2.587980623836551586e-01
2.638276900722922869e-01
2.685498961318814048e-01
2.729582837453348731e-01
2.770778554754638745e-01
2.809329814439061601e-01
2.845068202672490498e-01
2.878247599564199843e-01
2.908855532908285468e-01
2.937011789661020389e-01
2.962719117355896992e-01
2.986197079503540297e-01
3.007340772823127173e-01
3.026173009096655431e-01
3.042883533473697555e-01
3.057400961710932119e-01
3.069817039796004510e-01
3.080196436394062043e-01
3.088453993244258955e-01
3.094710643200177524e-01
2.588074718962572462e-01
2.638247932172452237e-01
2.685203747885912540e-01
2.729179259963241955e-01
2.770270275722412356e-01
2.808581714481553360e-01
2.844223314001183556e-01
2.877179450376152192e-01
2.907574559524864766e-01
2.935641662574138833e-01
2.961149585555040709e-01
2.984436447609128407e-01
3.005398364454062166e-01
3.024142628859588511e-01
3.040680242438799086e-01
3.055033001191410080e-01
3.067350035426068544e-01
3.077520447721807106e-01
3.085674133971402777e-01
3.091784111943456925e-01
