1.946887820039205503e-78
8.640253511392870303e-71
4.352221051891428402e-64
2.398889634691642601e-58
2.961701667273904232e-53
6.346972790043507148e-49
3.960479653054703137e-45
6.276580821133983888e-42
3.050676356272714720e-39
4.834295922161606541e-37
3.041893157044886547e-35
8.226056269268858147e-34
1.034858771219951232e-32
5.850778791855554127e-32
1.685942692807938718e-31
2.790599643227543039e-31
2.645331430186706873e-31
1.755360429168363492e-31
6.883547601222305036e-32
2.171022983339366427e-32
2.381069448419046475e-77
9.057775427643386729e-70
4.219252389665292249e-63
2.464925293680289511e-57
2.344327992005805585e-52
4.785039298355961019e-48
2.549029541127450049e-44
3.316423350313441126e-41
1.454091375839955579e-38
2.339718390869985948e-36
1.289128606884119732e-34
3.104668149007461050e-33
3.254194044661108850e-32
1.678387412640613818e-31
4.740443241711525923e-31
7.334700096617438420e-31
6.888044906337926408e-31
4.035959557337774781e-31
1.632990963417644044e-31
4.789524993094539109e-32
