2.792825700978099346e-01
2.846817394971058457e-01
2.897358066684326272e-01
2.944548284169257735e-01
2.988658196990017224e-01
3.029648270177151548e-01
3.067647862406733261e-01
3.102786604344655585e-01
3.135059762850504472e-01
3.164727845267342188e-01
3.191665020853151624e-01
3.216112616807191849e-01
3.237966647708890311e-01
3.257349107092604723e-01
3.274279567864502027e-01
3.288858845347188420e-01
3.301099779533286926e-01
3.311024992077377105e-01
3.318666907513106445e-01
3.324116834280125832e-01
2.742073843590406290e-01
2.795467563700357871e-01
2.845490596511331405e-01
2.892398826189240268e-01
2.936137915162717049e-01
2.976829512200789285e-01
3.014600618341570226e-01
3.049715036810103919e-01
3.082017249051677288e-01
3.111642047998695038e-01
3.138598929932456816e-01
3.163128395456154540e-01
3.185223654574366736e-01
3.204800245411828508e-01
3.222063910258204933e-01
3.237016005669619556e-01
3.249606996526149261e-01
3.259988850361064117e-01
3.268121095807804410e-01
3.274070993782883243e-01
